12 0.83447265625 0.5032552083333334 0.26953125 0.2545572916666667
8 0.451171875 0.76953125 0.31298828125 0.17252604166666666
14 0.31591796875 0.578125 0.30224609375 0.228515625
9 0.197265625 0.8001302083333334 0.234375 0.115234375
11 0.33935546875 0.3053385416666667 0.16650390625 0.38671875
5 0.4814453125 0.224609375 0.162109375 0.21028645833333334
1 0.1650390625 0.5774739583333334 0.1708984375 0.23567708333333334
0 0.162109375 0.3834635416666667 0.1826171875 0.17708333333333334
10 0.49169921875 0.3522135416666667 0.2333984375 0.21875
6 0.7724609375 0.6647135416666666 0.1484375 0.19401041666666666
2 0.77001953125 0.2838541666666667 0.11669921875 0.22981770833333334
13 0.63330078125 0.603515625 0.27490234375 0.173828125
7 0.65771484375 0.3359375 0.09375 0.4153645833333333
4 0.541015625 0.5501302083333334 0.18896484375 0.17708333333333334
3 0.5263671875 0.4485677083333333 0.17919921875 0.17578125