14 0.8095703125 0.2545572916666667 0.2861328125 0.3203125
8 0.7919921875 0.638671875 0.25048828125 0.365234375
7 0.509765625 0.8287760416666666 0.3173828125 0.14713541666666666
9 0.216796875 0.7063802083333334 0.23779296875 0.142578125
12 0.50634765625 0.4127604166666667 0.169921875 0.3671875
3 0.732421875 0.4010416666666667 0.2021484375 0.14388020833333334
0 0.380859375 0.16731770833333334 0.1748046875 0.14322916666666666
11 0.58642578125 0.29296875 0.103515625 0.4225260416666667
6 0.8623046875 0.5026041666666666 0.12548828125 0.193359375
2 0.55126953125 0.6673177083333334 0.17333984375 0.15690104166666666
13 0.43212890625 0.4622395833333333 0.166015625 0.353515625
1 0.330078125 0.4016927083333333 0.12451171875 0.251953125
4 0.17333984375 0.4733072916666667 0.12451171875 0.2571614583333333
10 0.2421875 0.3834635416666667 0.13427734375 0.3268229166666667
5 0.33837890625 0.61328125 0.169921875 0.1796875