8 0.23193359375 0.22721354166666666 0.3203125 0.224609375
14 0.2880859375 0.8151041666666666 0.33837890625 0.15950520833333334
7 0.61083984375 0.3743489583333333 0.2294921875 0.4049479166666667
11 0.86376953125 0.5266927083333334 0.1376953125 0.435546875
9 0.5732421875 0.8723958333333334 0.22412109375 0.24609375
12 0.37060546875 0.693359375 0.30419921875 0.15559895833333334
10 0.74853515625 0.826171875 0.279296875 0.17057291666666666
3 0.1240234375 0.533203125 0.18212890625 0.24544270833333334
5 0.49267578125 0.5963541666666666 0.1748046875 0.21549479166666666
13 0.427734375 0.341796875 0.15478515625 0.3795572916666667
4 0.7041015625 0.22200520833333334 0.208984375 0.14583333333333334
0 0.3173828125 0.5572916666666666 0.1865234375 0.166015625
1 0.5673828125 0.5071614583333334 0.1591796875 0.2610677083333333
2 0.77001953125 0.546875 0.11328125 0.23958333333333334
6 0.29248046875 0.3893229166666667 0.15771484375 0.19661458333333334