8 0.74658203125 0.6341145833333334 0.248046875 0.380859375
11 0.60986328125 0.8033854166666666 0.31005859375 0.22786458333333334
12 0.599609375 0.626953125 0.27783203125 0.24479166666666666
7 0.63134765625 0.3326822916666667 0.15234375 0.4342447916666667
14 0.28369140625 0.5377604166666666 0.15380859375 0.4251302083333333
10 0.259765625 0.8326822916666666 0.25 0.21028645833333334
5 0.16015625 0.548828125 0.1923828125 0.18359375
4 0.3544921875 0.17513020833333334 0.19482421875 0.21940104166666666
13 0.1455078125 0.654296875 0.28515625 0.21223958333333334
0 0.427734375 0.8131510416666666 0.16748046875 0.22786458333333334
3 0.82421875 0.484375 0.16748046875 0.259765625
9 0.8935546875 0.4368489583333333 0.16162109375 0.30078125
2 0.48681640625 0.3541666666666667 0.1650390625 0.2421875
1 0.41259765625 0.572265625 0.1513671875 0.236328125
6 0.4033203125 0.4036458333333333 0.13818359375 0.19661458333333334