5 0.64208984375 0.5748697916666666 0.181640625 0.154296875
7 0.3876953125 0.201171875 0.26416015625 0.3470052083333333
11 0.54638671875 0.8053385416666666 0.2744140625 0.33203125
14 0.892578125 0.4440104166666667 0.1201171875 0.43359375
4 0.56201171875 0.3671875 0.09228515625 0.2552083333333333
8 0.65869140625 0.296875 0.09912109375 0.4264322916666667
1 0.77880859375 0.806640625 0.20263671875 0.18098958333333334
12 0.43603515625 0.4290364583333333 0.25146484375 0.2819010416666667
9 0.478515625 0.6067708333333334 0.21142578125 0.22786458333333334
10 0.18310546875 0.4264322916666667 0.12841796875 0.333984375
3 0.74951171875 0.4010416666666667 0.076171875 0.2571614583333333
6 0.53662109375 0.16145833333333334 0.14404296875 0.14388020833333334
13 0.26318359375 0.6673177083333334 0.08740234375 0.3665364583333333
2 0.181640625 0.837890625 0.09375 0.24088541666666666
0 0.0927734375 0.4661458333333333 0.12548828125 0.212890625