8 0.1376953125 0.4361979166666667 0.27294921875 0.23958333333333334
12 0.5029296875 0.7122395833333334 0.28173828125 0.18684895833333334
14 0.34814453125 0.4954427083333333 0.2509765625 0.3444010416666667
11 0.55810546875 0.23502604166666666 0.29736328125 0.14778645833333334
2 0.2744140625 0.7194010416666666 0.1806640625 0.17903645833333334
3 0.302734375 0.826171875 0.20166015625 0.17122395833333334
9 0.78173828125 0.5572916666666666 0.19140625 0.259765625
7 0.77734375 0.3209635416666667 0.1572265625 0.3997395833333333
13 0.3349609375 0.2779947916666667 0.19189453125 0.3268229166666667
6 0.8623046875 0.3040364583333333 0.095703125 0.197265625
0 0.58837890625 0.5631510416666666 0.12109375 0.22135416666666666
5 0.63134765625 0.4010416666666667 0.130859375 0.212890625
4 0.71142578125 0.638671875 0.1376953125 0.24739583333333334
10 0.47802734375 0.4837239583333333 0.11865234375 0.3235677083333333
1 0.29150390625 0.20377604166666666 0.14404296875 0.2421875