8 0.3798828125 0.765625 0.32177734375 0.16341145833333334
14 0.26904296875 0.21158854166666666 0.29638671875 0.2526041666666667
9 0.14306640625 0.6126302083333334 0.228515625 0.18489583333333334
12 0.470703125 0.236328125 0.11669921875 0.3658854166666667
10 0.2978515625 0.5436197916666666 0.2021484375 0.2903645833333333
0 0.8212890625 0.3294270833333333 0.1806640625 0.158203125
11 0.5869140625 0.251953125 0.08642578125 0.40234375
7 0.685546875 0.3177083333333333 0.11865234375 0.4114583333333333
13 0.60009765625 0.7122395833333334 0.23046875 0.3059895833333333
3 0.75927734375 0.681640625 0.17919921875 0.22981770833333334
4 0.833984375 0.5182291666666666 0.1640625 0.24088541666666666
6 0.353515625 0.3828125 0.068359375 0.19205729166666666
1 0.41796875 0.578125 0.14892578125 0.22916666666666666
2 0.50537109375 0.4921875 0.162109375 0.15559895833333334
5 0.66162109375 0.5475260416666666 0.15869140625 0.1953125