11 0.78955078125 0.24674479166666666 0.29541015625 0.259765625
14 0.49560546875 0.3079427083333333 0.27734375 0.349609375
12 0.62744140625 0.6510416666666666 0.18017578125 0.365234375
8 0.55615234375 0.724609375 0.19287109375 0.4069010416666667
10 0.310546875 0.2877604166666667 0.11181640625 0.3528645833333333
7 0.2939453125 0.53125 0.32958984375 0.16666666666666666
13 0.25244140625 0.712890625 0.2978515625 0.14192708333333334
9 0.2587890625 0.845703125 0.23681640625 0.13541666666666666
3 0.10791015625 0.4010416666666667 0.09765625 0.2669270833333333
1 0.8876953125 0.4954427083333333 0.1689453125 0.23697916666666666
5 0.75537109375 0.443359375 0.15234375 0.23828125
0 0.8193359375 0.6158854166666666 0.11181640625 0.22981770833333334
2 0.45458984375 0.7858072916666666 0.0966796875 0.24283854166666666
6 0.5869140625 0.3756510416666667 0.15283203125 0.197265625
4 0.3251953125 0.6341145833333334 0.20263671875 0.14388020833333334