8 0.558837890625 0.9407552083333334 0.31689453125 0.11848958333333333
12 0.19873046875 0.3776041666666667 0.2919921875 0.19466145833333334
7 0.4208984375 0.8528645833333334 0.3125 0.232421875
10 0.3017578125 0.7513020833333334 0.224609375 0.26953125
13 0.5576171875 0.6861979166666666 0.294921875 0.10807291666666667
5 0.2998046875 0.4524739583333333 0.18359375 0.173828125
14 0.489013671875 0.9075520833333334 0.31591796875 0.18489583333333334
11 0.541015625 0.412109375 0.09765625 0.4296875
3 0.2939453125 0.166015625 0.189453125 0.22591145833333334
9 0.44970703125 0.3912760416666667 0.0966796875 0.31640625
0 0.2626953125 0.634765625 0.16455078125 0.220703125
2 0.1181640625 0.7975260416666666 0.15185546875 0.23307291666666666
6 0.2080078125 0.9365234375 0.1279296875 0.126953125
4 0.1640625 0.580078125 0.11083984375 0.259765625