8 0.46337890625 0.21940104166666666 0.17822265625 0.42578125
14 0.236328125 0.2825520833333333 0.2880859375 0.3229166666666667
11 0.3115234375 0.5852864583333334 0.2509765625 0.3600260416666667
12 0.8486328125 0.4075520833333333 0.17333984375 0.3782552083333333
10 0.6826171875 0.2760416666666667 0.1923828125 0.3216145833333333
7 0.41796875 0.5930989583333334 0.24072265625 0.3697916666666667
13 0.3046875 0.84765625 0.2841796875 0.20768229166666666
5 0.2841796875 0.4459635416666667 0.1748046875 0.21744791666666666
6 0.7958984375 0.7486979166666666 0.169921875 0.1171875
9 0.154296875 0.60546875 0.11083984375 0.3046875
2 0.6142578125 0.6595052083333334 0.15673828125 0.23502604166666666
3 0.552734375 0.3984375 0.126953125 0.263671875
0 0.77734375 0.5520833333333334 0.1552734375 0.23567708333333334
4 0.45703125 0.6927083333333334 0.1708984375 0.244140625
1 0.6396484375 0.4270833333333333 0.12451171875 0.2571614583333333