14 0.28466796875 0.396484375 0.32421875 0.3268229166666667
11 0.1875 0.3287760416666667 0.33203125 0.2975260416666667
8 0.5048828125 0.6751302083333334 0.24462890625 0.4166666666666667
10 0.658203125 0.4856770833333333 0.2578125 0.2734375
12 0.60302734375 0.8704427083333334 0.30810546875 0.203125
9 0.71533203125 0.36328125 0.25830078125 0.14713541666666666
5 0.79296875 0.189453125 0.16357421875 0.2708333333333333
13 0.287109375 0.7220052083333334 0.15185546875 0.4088541666666667
7 0.83935546875 0.5598958333333334 0.2412109375 0.43359375
1 0.88037109375 0.693359375 0.1552734375 0.2825520833333333
3 0.3837890625 0.4986979166666667 0.169921875 0.2766927083333333
6 0.4794921875 0.232421875 0.0986328125 0.23893229166666666
2 0.5673828125 0.1796875 0.12109375 0.2721354166666667
0 0.63232421875 0.6803385416666666 0.181640625 0.23111979166666666
4 0.4794921875 0.51171875 0.16015625 0.271484375