12 0.23974609375 0.7109375 0.12548828125 0.3919270833333333
8 0.52001953125 0.3059895833333333 0.1083984375 0.4205729166666667
11 0.80029296875 0.486328125 0.1982421875 0.3880208333333333
5 0.12841796875 0.66015625 0.11328125 0.248046875
9 0.18359375 0.3274739583333333 0.12451171875 0.2936197916666667
14 0.32861328125 0.2897135416666667 0.14453125 0.40625
7 0.4150390625 0.3020833333333333 0.1416015625 0.4127604166666667
1 0.27587890625 0.3671875 0.11328125 0.2552083333333333
10 0.74365234375 0.2727864583333333 0.09326171875 0.3404947916666667
3 0.4375 0.560546875 0.19140625 0.11263020833333333
2 0.83837890625 0.6640625 0.1513671875 0.23763020833333334
4 0.47607421875 0.7018229166666666 0.19384765625 0.13541666666666666
0 0.6494140625 0.7317708333333334 0.17138671875 0.22200520833333334
6 0.60595703125 0.5559895833333334 0.0888671875 0.197265625
13 0.65185546875 0.4309895833333333 0.1298828125 0.3704427083333333