12 0.4345703125 0.595703125 0.2060546875 0.3385416666666667
8 0.84619140625 0.4381510416666667 0.26025390625 0.3430989583333333
7 0.68310546875 0.21354166666666666 0.30419921875 0.21549479166666666
11 0.20654296875 0.3483072916666667 0.283203125 0.2545572916666667
14 0.208984375 0.5123697916666666 0.29833984375 0.2688802083333333
9 0.30078125 0.560546875 0.22265625 0.181640625
13 0.33740234375 0.1640625 0.26904296875 0.15364583333333334
0 0.08447265625 0.267578125 0.15576171875 0.212890625
3 0.4287109375 0.2779947916666667 0.1767578125 0.21028645833333334
5 0.44287109375 0.3990885416666667 0.1708984375 0.185546875
10 0.69921875 0.4661458333333333 0.19287109375 0.2962239583333333
4 0.54833984375 0.8072916666666666 0.19091796875 0.173828125
6 0.66015625 0.7005208333333334 0.10986328125 0.21028645833333334
1 0.53662109375 0.611328125 0.12109375 0.2513020833333333
2 0.603515625 0.376953125 0.15576171875 0.21158854166666666