8 0.72021484375 0.7552083333333334 0.32275390625 0.15885416666666666
12 0.11572265625 0.5227864583333334 0.13818359375 0.3756510416666667
14 0.81298828125 0.6100260416666666 0.31982421875 0.162109375
5 0.29638671875 0.677734375 0.18017578125 0.17122395833333334
1 0.513671875 0.73046875 0.11376953125 0.2623697916666667
10 0.884765625 0.3619791666666667 0.1748046875 0.3151041666666667
9 0.62109375 0.560546875 0.21044921875 0.216796875
11 0.6787109375 0.2747395833333333 0.12744140625 0.4114583333333333
2 0.779296875 0.4466145833333333 0.154296875 0.21028645833333334
0 0.572265625 0.3430989583333333 0.09814453125 0.22005208333333334
3 0.54736328125 0.158203125 0.1806640625 0.189453125
6 0.45849609375 0.208984375 0.1455078125 0.16666666666666666
13 0.2685546875 0.306640625 0.22900390625 0.310546875
4 0.35205078125 0.4986979166666667 0.07470703125 0.25
7 0.42626953125 0.50390625 0.099609375 0.404296875