12 0.3798828125 0.21223958333333334 0.31787109375 0.18359375
8 0.21240234375 0.4563802083333333 0.283203125 0.3834635416666667
14 0.75244140625 0.6888020833333334 0.326171875 0.23502604166666666
7 0.60791015625 0.25 0.25537109375 0.4055989583333333
11 0.53515625 0.4778645833333333 0.2607421875 0.35546875
9 0.67529296875 0.501953125 0.21826171875 0.24674479166666666
5 0.30419921875 0.7610677083333334 0.17431640625 0.23046875
6 0.85302734375 0.5052083333333334 0.16796875 0.1875
13 0.505859375 0.603515625 0.22216796875 0.3430989583333333
2 0.4091796875 0.8802083333333334 0.17919921875 0.20377604166666666
4 0.33642578125 0.4466145833333333 0.1728515625 0.2643229166666667
3 0.20166015625 0.6171875 0.17724609375 0.263671875
0 0.49951171875 0.7838541666666666 0.16796875 0.23307291666666666
10 0.74755859375 0.2786458333333333 0.107421875 0.369140625
1 0.84130859375 0.3157552083333333 0.11865234375 0.275390625