11 0.759765625 0.7109375 0.31494140625 0.21875
8 0.2939453125 0.7877604166666666 0.33154296875 0.17708333333333334
9 0.271484375 0.5963541666666666 0.236328125 0.13802083333333334
5 0.20654296875 0.17578125 0.17333984375 0.224609375
0 0.8896484375 0.3997395833333333 0.11865234375 0.22916666666666666
10 0.69140625 0.4752604166666667 0.08154296875 0.3404947916666667
12 0.7822265625 0.4348958333333333 0.09912109375 0.3899739583333333
2 0.5126953125 0.19921875 0.12841796875 0.251953125
13 0.60546875 0.2766927083333333 0.09912109375 0.3932291666666667
1 0.34130859375 0.19596354166666666 0.12255859375 0.271484375
4 0.26708984375 0.470703125 0.19873046875 0.12239583333333333
6 0.31298828125 0.373046875 0.16015625 0.12565104166666666
14 0.126953125 0.5123697916666666 0.10546875 0.4270833333333333
7 0.52880859375 0.61328125 0.095703125 0.4231770833333333
3 0.42578125 0.5774739583333334 0.10546875 0.2571614583333333