8 0.4384765625 0.7584635416666666 0.3134765625 0.15950520833333334
7 0.73583984375 0.12369791666666667 0.30517578125 0.14908854166666666
12 0.4853515625 0.2897135416666667 0.24560546875 0.24674479166666666
10 0.77734375 0.822265625 0.24658203125 0.22721354166666666
0 0.10693359375 0.3639322916666667 0.140625 0.21419270833333334
2 0.26171875 0.3444010416666667 0.1591796875 0.19791666666666666
13 0.4453125 0.19791666666666666 0.2587890625 0.162109375
9 0.36865234375 0.5716145833333334 0.08447265625 0.28125
4 0.18994140625 0.6002604166666666 0.08251953125 0.23828125
6 0.24853515625 0.8704427083333334 0.14306640625 0.185546875
5 0.92041015625 0.5390625 0.0966796875 0.23893229166666666
1 0.62158203125 0.4283854166666667 0.0966796875 0.23958333333333334
3 0.64111328125 0.6692708333333334 0.119140625 0.24934895833333334
11 0.83056640625 0.5338541666666666 0.0966796875 0.400390625
14 0.744140625 0.4498697916666667 0.08984375 0.4127604166666667