8 0.64013671875 0.23763020833333334 0.22265625 0.384765625
12 0.5810546875 0.642578125 0.2177734375 0.3587239583333333
11 0.70068359375 0.6217447916666666 0.2333984375 0.3828125
10 0.19287109375 0.8014322916666666 0.2294921875 0.2890625
7 0.3603515625 0.6217447916666666 0.24072265625 0.3795572916666667
5 0.232421875 0.3287760416666667 0.173828125 0.20703125
14 0.44921875 0.23567708333333334 0.31591796875 0.18229166666666666
1 0.49365234375 0.8098958333333334 0.1923828125 0.232421875
3 0.2314453125 0.5950520833333334 0.1796875 0.244140625
9 0.7861328125 0.427734375 0.1904296875 0.279296875
2 0.89208984375 0.4173177083333333 0.166015625 0.23307291666666666
6 0.318359375 0.7942708333333334 0.15380859375 0.21158854166666666
4 0.76318359375 0.5540364583333334 0.1728515625 0.2513020833333333
0 0.46875 0.3815104166666667 0.12255859375 0.232421875
13 0.40869140625 0.513671875 0.20947265625 0.33203125