8 0.82763671875 0.3268229166666667 0.28759765625 0.2805989583333333
7 0.28076171875 0.24934895833333334 0.24267578125 0.3522135416666667
12 0.32421875 0.6861979166666666 0.21240234375 0.326171875
14 0.408203125 0.5787760416666666 0.302734375 0.19856770833333334
11 0.40625 0.4479166666666667 0.29541015625 0.201171875
10 0.4228515625 0.35546875 0.2421875 0.17838541666666666
5 0.20068359375 0.7298177083333334 0.10595703125 0.24153645833333334
2 0.5224609375 0.2578125 0.166015625 0.19986979166666666
4 0.51806640625 0.7604166666666666 0.18505859375 0.177734375
3 0.6357421875 0.6634114583333334 0.126953125 0.2513020833333333
9 0.61328125 0.3502604166666667 0.181640625 0.2571614583333333
0 0.16064453125 0.5052083333333334 0.10888671875 0.216796875
6 0.82568359375 0.5149739583333334 0.1083984375 0.1953125
1 0.6533203125 0.4368489583333333 0.15478515625 0.2265625
13 0.74609375 0.5319010416666666 0.12841796875 0.3567708333333333