14 0.8115234375 0.22330729166666666 0.31494140625 0.3111979166666667
8 0.3154296875 0.7578125 0.3095703125 0.3138020833333333
12 0.64453125 0.22526041666666666 0.20458984375 0.3763020833333333
11 0.74365234375 0.5208333333333334 0.20361328125 0.4166666666666667
7 0.5009765625 0.67578125 0.14208984375 0.4537760416666667
13 0.31494140625 0.5859375 0.26708984375 0.2897135416666667
5 0.68896484375 0.8470052083333334 0.14990234375 0.2630208333333333
10 0.80126953125 0.6393229166666666 0.13232421875 0.359375
1 0.24365234375 0.208984375 0.1904296875 0.244140625
4 0.29833984375 0.4225260416666667 0.201171875 0.22135416666666666
0 0.4404296875 0.150390625 0.18310546875 0.19466145833333334
3 0.5029296875 0.3815104166666667 0.13916015625 0.2701822916666667
6 0.55419921875 0.2877604166666667 0.11376953125 0.22135416666666666
9 0.62548828125 0.5768229166666666 0.10205078125 0.3151041666666667
2 0.3525390625 0.3274739583333333 0.17822265625 0.20963541666666666