8 0.3525390625 0.19856770833333334 0.3212890625 0.3639322916666667
11 0.4189453125 0.5266927083333334 0.275390625 0.3665364583333333
14 0.71337890625 0.408203125 0.16650390625 0.4602864583333333
9 0.62060546875 0.24544270833333334 0.24462890625 0.22200520833333334
5 0.7548828125 0.8411458333333334 0.19921875 0.146484375
7 0.8720703125 0.3092447916666667 0.1494140625 0.4583333333333333
12 0.79296875 0.580078125 0.13427734375 0.3997395833333333
3 0.4208984375 0.7799479166666666 0.20751953125 0.205078125
2 0.12060546875 0.4609375 0.21728515625 0.150390625
10 0.3173828125 0.5852864583333334 0.22509765625 0.3229166666666667
1 0.248046875 0.7291666666666666 0.14306640625 0.283203125
6 0.44775390625 0.3919270833333333 0.16552734375 0.21158854166666666
4 0.478515625 0.8541666666666666 0.20263671875 0.201171875
13 0.60107421875 0.5358072916666666 0.10302734375 0.39453125
0 0.8740234375 0.6731770833333334 0.1357421875 0.24283854166666666