7 0.76904296875 0.6145833333333334 0.3466796875 0.20703125
12 0.1591796875 0.5768229166666666 0.20458984375 0.3600260416666667
14 0.22021484375 0.24283854166666666 0.2919921875 0.2942708333333333
11 0.37451171875 0.4270833333333333 0.234375 0.373046875
4 0.5048828125 0.771484375 0.11865234375 0.283203125
5 0.6728515625 0.400390625 0.10595703125 0.24088541666666666
8 0.78515625 0.3098958333333333 0.109375 0.4446614583333333
6 0.609375 0.6380208333333334 0.1640625 0.18098958333333334
13 0.55126953125 0.21354166666666666 0.2822265625 0.18294270833333334
10 0.3154296875 0.712890625 0.16845703125 0.3424479166666667
3 0.42431640625 0.22330729166666666 0.2001953125 0.26171875
9 0.88525390625 0.373046875 0.1171875 0.3092447916666667
1 0.5 0.4518229166666667 0.17041015625 0.23697916666666666
2 0.30029296875 0.494140625 0.15234375 0.2265625
0 0.40087890625 0.6822916666666666 0.1435546875 0.24153645833333334