7 0.4521484375 0.2662760416666667 0.2314453125 0.3704427083333333
8 0.54443359375 0.22005208333333334 0.203125 0.392578125
0 0.8369140625 0.2506510416666667 0.17333984375 0.20963541666666666
11 0.529296875 0.83203125 0.29541015625 0.12434895833333333
9 0.3212890625 0.7688802083333334 0.21630859375 0.19010416666666666
12 0.326171875 0.5872395833333334 0.234375 0.2975260416666667
10 0.48974609375 0.6764322916666666 0.23291015625 0.18033854166666666
5 0.68603515625 0.6809895833333334 0.1728515625 0.13346354166666666
1 0.9013671875 0.5592447916666666 0.111328125 0.25
6 0.255859375 0.4147135416666667 0.1591796875 0.15950520833333334
14 0.1708984375 0.681640625 0.166015625 0.39453125
4 0.09521484375 0.5305989583333334 0.1435546875 0.248046875
13 0.783203125 0.5397135416666666 0.12109375 0.3541666666666667
3 0.68359375 0.3561197916666667 0.09521484375 0.251953125
2 0.5830078125 0.5677083333333334 0.16845703125 0.12044270833333333