14 0.6455078125 0.24479166666666666 0.26708984375 0.2962239583333333
7 0.37646484375 0.4934895833333333 0.2373046875 0.3502604166666667
8 0.771484375 0.455078125 0.205078125 0.3763020833333333
12 0.17529296875 0.5963541666666666 0.2119140625 0.34765625
10 0.55322265625 0.3958333333333333 0.15478515625 0.310546875
11 0.12451171875 0.3912760416666667 0.10693359375 0.3938802083333333
6 0.423828125 0.2109375 0.1484375 0.15234375
3 0.51123046875 0.6848958333333334 0.1767578125 0.23372395833333334
5 0.20947265625 0.3463541666666667 0.11474609375 0.23111979166666666
0 0.39599609375 0.326171875 0.16357421875 0.201171875
13 0.8935546875 0.486328125 0.09326171875 0.3626302083333333
2 0.6572265625 0.451171875 0.1240234375 0.22395833333333334
4 0.5302734375 0.837890625 0.1904296875 0.19140625
1 0.3798828125 0.7571614583333334 0.1171875 0.2643229166666667
9 0.3017578125 0.68359375 0.13916015625 0.3014322916666667