10 0.435546875 0.3190104166666667 0.22021484375 0.24348958333333334
7 0.74267578125 0.6803385416666666 0.31591796875 0.2825520833333333
14 0.326171875 0.7532552083333334 0.201171875 0.423828125
11 0.6376953125 0.4700520833333333 0.1845703125 0.3932291666666667
4 0.673828125 0.1796875 0.14501953125 0.24283854166666666
13 0.21826171875 0.353515625 0.24853515625 0.2825520833333333
8 0.55078125 0.517578125 0.17578125 0.41796875
5 0.8662109375 0.37890625 0.1572265625 0.236328125
6 0.36669921875 0.21158854166666666 0.1201171875 0.19921875
0 0.5732421875 0.16927083333333334 0.12939453125 0.228515625
12 0.2060546875 0.5071614583333334 0.32080078125 0.26953125
3 0.47314453125 0.7350260416666666 0.19580078125 0.22135416666666666
9 0.77392578125 0.4036458333333333 0.15234375 0.291015625
2 0.44677734375 0.50390625 0.10693359375 0.21809895833333334
1 0.71923828125 0.462890625 0.13134765625 0.2526041666666667