8 0.833984375 0.3040364583333333 0.2568359375 0.3483072916666667
11 0.4326171875 0.16666666666666666 0.30029296875 0.12630208333333334
12 0.634765625 0.7760416666666666 0.2880859375 0.13020833333333334
5 0.75634765625 0.6569010416666666 0.18798828125 0.1484375
14 0.134765625 0.462890625 0.09765625 0.4231770833333333
7 0.6923828125 0.3854166666666667 0.17919921875 0.40234375
6 0.8173828125 0.490234375 0.126953125 0.19075520833333334
2 0.51318359375 0.525390625 0.08837890625 0.21809895833333334
9 0.59423828125 0.4713541666666667 0.1123046875 0.2877604166666667
4 0.31689453125 0.7916666666666666 0.171875 0.22200520833333334
0 0.46630859375 0.6783854166666666 0.1572265625 0.109375
10 0.3740234375 0.5716145833333334 0.1845703125 0.3040364583333333
1 0.408203125 0.3561197916666667 0.1748046875 0.212890625
13 0.29296875 0.3639322916666667 0.234375 0.2877604166666667
3 0.2783203125 0.5305989583333334 0.16259765625 0.24088541666666666