8 0.66845703125 0.6848958333333334 0.177734375 0.439453125
11 0.255859375 0.2526041666666667 0.30419921875 0.2649739583333333
12 0.4990234375 0.7369791666666666 0.24072265625 0.33203125
14 0.3330078125 0.4837239583333333 0.27099609375 0.349609375
9 0.1416015625 0.6751302083333334 0.20947265625 0.2604166666666667
7 0.578125 0.2669270833333333 0.130859375 0.4388020833333333
13 0.80322265625 0.466796875 0.2783203125 0.2630208333333333
10 0.45849609375 0.5104166666666666 0.1201171875 0.3444010416666667
2 0.32861328125 0.7337239583333334 0.1484375 0.24674479166666666
3 0.79638671875 0.3235677083333333 0.2041015625 0.21354166666666666
6 0.6552734375 0.3001302083333333 0.115234375 0.220703125
4 0.44873046875 0.203125 0.18310546875 0.234375
5 0.78759765625 0.662109375 0.11376953125 0.24088541666666666
1 0.5458984375 0.8326822916666666 0.17724609375 0.2584635416666667
0 0.1708984375 0.4947916666666667 0.10888671875 0.228515625