8 0.2314453125 0.708984375 0.28125 0.3352864583333333
7 0.2109375 0.3092447916666667 0.328125 0.2578125
11 0.61669921875 0.5729166666666666 0.3095703125 0.13671875
14 0.84375 0.6432291666666666 0.2509765625 0.35546875
12 0.55029296875 0.265625 0.11572265625 0.4055989583333333
5 0.83544921875 0.4635416666666667 0.14697265625 0.23502604166666666
6 0.3935546875 0.8203125 0.16015625 0.15299479166666666
2 0.87646484375 0.22395833333333334 0.181640625 0.14778645833333334
9 0.48193359375 0.3704427083333333 0.14794921875 0.3033854166666667
3 0.4189453125 0.6243489583333334 0.16259765625 0.251953125
1 0.62548828125 0.71484375 0.19677734375 0.16861979166666666
0 0.21630859375 0.5384114583333334 0.17919921875 0.220703125
10 0.6572265625 0.3294270833333333 0.09716796875 0.3307291666666667
13 0.7470703125 0.310546875 0.08740234375 0.39453125
4 0.40283203125 0.3990885416666667 0.14697265625 0.2662760416666667