11 0.8076171875 0.7760416666666666 0.30419921875 0.2506510416666667
8 0.6337890625 0.5091145833333334 0.26025390625 0.3665364583333333
12 0.41552734375 0.681640625 0.2978515625 0.15690104166666666
9 0.84375 0.2623697916666667 0.20849609375 0.25390625
5 0.556640625 0.8489583333333334 0.19140625 0.15690104166666666
13 0.3681640625 0.20052083333333334 0.279296875 0.20638020833333334
2 0.23974609375 0.84375 0.19482421875 0.17643229166666666
4 0.251953125 0.4576822916666667 0.201171875 0.20182291666666666
7 0.826171875 0.4765625 0.14990234375 0.4231770833333333
1 0.14990234375 0.759765625 0.2177734375 0.17057291666666666
14 0.6787109375 0.3372395833333333 0.20458984375 0.4049479166666667
3 0.5517578125 0.5696614583333334 0.1806640625 0.24153645833333334
0 0.15673828125 0.6217447916666666 0.1962890625 0.18489583333333334
10 0.41845703125 0.3977864583333333 0.119140625 0.34375
6 0.12109375 0.455078125 0.08642578125 0.20572916666666666