7 0.39404296875 0.24283854166666666 0.23974609375 0.353515625
8 0.58349609375 0.2578125 0.11279296875 0.41015625
14 0.88623046875 0.44921875 0.1005859375 0.404296875
11 0.47998046875 0.59765625 0.25732421875 0.2805989583333333
10 0.6044921875 0.7291666666666666 0.2392578125 0.14453125
13 0.22509765625 0.2805989583333333 0.2685546875 0.21354166666666666
12 0.412109375 0.5169270833333334 0.248046875 0.24869791666666666
1 0.29638671875 0.7936197916666666 0.18408203125 0.18489583333333334
6 0.79052734375 0.6595052083333334 0.158203125 0.13541666666666666
5 0.439453125 0.359375 0.16357421875 0.1953125
2 0.13525390625 0.62109375 0.1123046875 0.21809895833333334
3 0.65869140625 0.3626302083333333 0.10107421875 0.24739583333333334
4 0.62744140625 0.5970052083333334 0.17919921875 0.18880208333333334
9 0.21728515625 0.4869791666666667 0.0947265625 0.28515625
0 0.802734375 0.4596354166666667 0.10009765625 0.21158854166666666