8 0.70361328125 0.8385416666666666 0.3486328125 0.15364583333333334
14 0.29150390625 0.349609375 0.20263671875 0.4127604166666667
7 0.40380859375 0.7799479166666666 0.3427734375 0.2109375
11 0.73486328125 0.4309895833333333 0.11181640625 0.435546875
12 0.39501953125 0.24544270833333334 0.126953125 0.3841145833333333
9 0.6015625 0.15559895833333334 0.2236328125 0.21940104166666666
10 0.8740234375 0.6171875 0.14892578125 0.357421875
4 0.45458984375 0.6106770833333334 0.203125 0.12630208333333334
3 0.18408203125 0.66796875 0.18359375 0.255859375
13 0.49462890625 0.3483072916666667 0.09912109375 0.384765625
6 0.31005859375 0.6302083333333334 0.080078125 0.20377604166666666
0 0.21484375 0.46875 0.10400390625 0.23567708333333334
1 0.84326171875 0.4134114583333333 0.10400390625 0.2682291666666667
5 0.6435546875 0.6380208333333334 0.13818359375 0.25390625
2 0.5869140625 0.4088541666666667 0.107421875 0.24674479166666666