11 0.8095703125 0.2604166666666667 0.3251953125 0.18815104166666666
8 0.18310546875 0.4583333333333333 0.32373046875 0.24934895833333334
12 0.43408203125 0.3313802083333333 0.18115234375 0.3697916666666667
14 0.1689453125 0.6165364583333334 0.3115234375 0.2727864583333333
9 0.15576171875 0.322265625 0.23583984375 0.19270833333333334
0 0.31787109375 0.26953125 0.18212890625 0.203125
7 0.5341796875 0.39453125 0.15673828125 0.4264322916666667
3 0.70556640625 0.7688802083333334 0.20263671875 0.1171875
2 0.80615234375 0.4251302083333333 0.1796875 0.21354166666666666
6 0.77978515625 0.6165364583333334 0.07666015625 0.19661458333333334
4 0.52978515625 0.7493489583333334 0.12158203125 0.2630208333333333
10 0.59375 0.5475260416666666 0.08740234375 0.3385416666666667
13 0.68505859375 0.5260416666666666 0.10400390625 0.373046875
5 0.38671875 0.68359375 0.1611328125 0.22005208333333334
1 0.27783203125 0.80859375 0.18994140625 0.173828125