14 0.59375 0.193359375 0.31298828125 0.20247395833333334
8 0.25244140625 0.3404947916666667 0.283203125 0.2890625
12 0.5908203125 0.5930989583333334 0.142578125 0.3626302083333333
7 0.7939453125 0.3919270833333333 0.1484375 0.412109375
11 0.4033203125 0.5416666666666666 0.2939453125 0.19401041666666666
3 0.1123046875 0.345703125 0.13916015625 0.2532552083333333
9 0.3330078125 0.8430989583333334 0.21923828125 0.12174479166666667
1 0.38427734375 0.373046875 0.1875 0.16471354166666666
13 0.318359375 0.6139322916666666 0.275390625 0.15364583333333334
0 0.34619140625 0.7428385416666666 0.16845703125 0.126953125
5 0.89697265625 0.4192708333333333 0.14892578125 0.234375
2 0.861328125 0.6634114583333334 0.146484375 0.19205729166666666
6 0.70068359375 0.7233072916666666 0.14453125 0.16341145833333334
10 0.69921875 0.4720052083333333 0.11279296875 0.3196614583333333
4 0.525390625 0.4348958333333333 0.1806640625 0.16796875