11 0.6240234375 0.1640625 0.3037109375 0.2571614583333333
8 0.63818359375 0.4674479166666667 0.21875 0.3821614583333333
14 0.49609375 0.69921875 0.203125 0.3717447916666667
12 0.6474609375 0.794921875 0.2236328125 0.3053385416666667
1 0.27734375 0.6946614583333334 0.13330078125 0.25
9 0.263671875 0.2584635416666667 0.1630859375 0.2981770833333333
2 0.91357421875 0.2819010416666667 0.16943359375 0.21614583333333334
3 0.734375 0.3333333333333333 0.19580078125 0.216796875
7 0.79833984375 0.5670572916666666 0.1201171875 0.4088541666666667
6 0.5029296875 0.40234375 0.11376953125 0.20638020833333334
13 0.40869140625 0.39453125 0.18115234375 0.3561197916666667
4 0.34033203125 0.4576822916666667 0.14892578125 0.24479166666666666
10 0.15673828125 0.470703125 0.1376953125 0.3203125
0 0.1240234375 0.6171875 0.15380859375 0.21744791666666666
5 0.59326171875 0.7037760416666666 0.14306640625 0.21744791666666666