12 0.220703125 0.662109375 0.2353515625 0.2903645833333333
7 0.271484375 0.171875 0.29931640625 0.24544270833333334
8 0.650390625 0.7389322916666666 0.29931640625 0.20377604166666666
11 0.4775390625 0.330078125 0.29638671875 0.16861979166666666
14 0.57275390625 0.5846354166666666 0.2978515625 0.21223958333333334
10 0.46044921875 0.17838541666666666 0.244140625 0.15169270833333334
13 0.82666015625 0.486328125 0.24609375 0.263671875
9 0.85400390625 0.3157552083333333 0.193359375 0.2571614583333333
2 0.54150390625 0.8190104166666666 0.1650390625 0.19075520833333334
6 0.7998046875 0.6002604166666666 0.16162109375 0.14973958333333334
4 0.3447265625 0.7493489583333334 0.17822265625 0.201171875
5 0.5478515625 0.4361979166666667 0.17626953125 0.13216145833333334
1 0.28369140625 0.35546875 0.14990234375 0.2421875
3 0.66259765625 0.3333333333333333 0.0888671875 0.2526041666666667
0 0.42919921875 0.6002604166666666 0.154296875 0.19270833333333334