11 0.2548828125 0.708984375 0.30029296875 0.12825520833333334
12 0.60791015625 0.20182291666666666 0.275390625 0.16276041666666666
14 0.80859375 0.314453125 0.310546875 0.11458333333333333
8 0.107421875 0.3444010416666667 0.11474609375 0.4134114583333333
3 0.5966796875 0.6953125 0.15283203125 0.22916666666666666
7 0.42333984375 0.2565104166666667 0.1435546875 0.3997395833333333
10 0.76611328125 0.64453125 0.13427734375 0.2975260416666667
9 0.71435546875 0.505859375 0.14013671875 0.265625
2 0.62646484375 0.37109375 0.15283203125 0.17447916666666666
4 0.56005859375 0.4791666666666667 0.13525390625 0.22981770833333334
1 0.47802734375 0.5397135416666666 0.1611328125 0.19596354166666666
5 0.466796875 0.6595052083333334 0.15087890625 0.18489583333333334
0 0.35107421875 0.5338541666666666 0.09619140625 0.205078125
13 0.27392578125 0.4778645833333333 0.1064453125 0.3528645833333333
6 0.36083984375 0.30078125 0.095703125 0.19205729166666666