8 0.1162109375 0.45703125 0.14990234375 0.4166666666666667
11 0.55908203125 0.203125 0.3046875 0.20768229166666666
10 0.2998046875 0.3053385416666667 0.248046875 0.21158854166666666
14 0.3466796875 0.5768229166666666 0.3115234375 0.20833333333333334
3 0.4208984375 0.765625 0.1865234375 0.16145833333333334
12 0.7333984375 0.484375 0.291015625 0.16861979166666666
13 0.3056640625 0.447265625 0.275390625 0.20442708333333334
7 0.90283203125 0.607421875 0.1611328125 0.4095052083333333
9 0.65283203125 0.3444010416666667 0.228515625 0.14583333333333334
1 0.53662109375 0.5032552083333334 0.18896484375 0.12565104166666666
2 0.83349609375 0.3391927083333333 0.16748046875 0.22395833333333334
5 0.583984375 0.7278645833333334 0.1826171875 0.142578125
0 0.72314453125 0.7122395833333334 0.11279296875 0.23307291666666666
6 0.5986328125 0.6158854166666666 0.150390625 0.11002604166666667
4 0.6005859375 0.8359375 0.1875 0.11263020833333333