8 0.8564453125 0.4967447916666667 0.2275390625 0.3671875
11 0.390625 0.517578125 0.26806640625 0.2890625
12 0.14892578125 0.6354166666666666 0.21923828125 0.3157552083333333
14 0.630859375 0.755859375 0.30419921875 0.19466145833333334
7 0.17626953125 0.2799479166666667 0.1611328125 0.41015625
9 0.3193359375 0.8483072916666666 0.22216796875 0.11263020833333333
5 0.3427734375 0.736328125 0.18115234375 0.12630208333333334
1 0.70068359375 0.4654947916666667 0.193359375 0.15625
3 0.556640625 0.5130208333333334 0.18603515625 0.14453125
10 0.4482421875 0.30859375 0.236328125 0.20052083333333334
4 0.32470703125 0.2890625 0.1865234375 0.19921875
13 0.2978515625 0.5553385416666666 0.255859375 0.251953125
0 0.57763671875 0.3587239583333333 0.16015625 0.19856770833333334
2 0.705078125 0.2591145833333333 0.169921875 0.18229166666666666
6 0.5791015625 0.654296875 0.1474609375 0.14322916666666666