7 0.2041015625 0.2760416666666667 0.29345703125 0.21809895833333334
11 0.8505859375 0.3509114583333333 0.2568359375 0.25
12 0.5302734375 0.5013020833333334 0.15673828125 0.3274739583333333
8 0.38330078125 0.7864583333333334 0.28662109375 0.125
10 0.33642578125 0.4635416666666667 0.23291015625 0.13736979166666666
14 0.60205078125 0.3515625 0.11865234375 0.3860677083333333
9 0.162109375 0.6673177083333334 0.15673828125 0.2630208333333333
5 0.79443359375 0.740234375 0.1630859375 0.17252604166666666
1 0.82666015625 0.5403645833333334 0.07373046875 0.22135416666666666
0 0.67529296875 0.3528645833333333 0.1015625 0.19075520833333334
13 0.66015625 0.6705729166666666 0.171875 0.3196614583333333
6 0.45263671875 0.263671875 0.1298828125 0.08723958333333333
4 0.44580078125 0.6061197916666666 0.16455078125 0.15625
2 0.27880859375 0.6243489583333334 0.125 0.197265625
3 0.06494140625 0.6178385416666666 0.08349609375 0.220703125