8 0.22607421875 0.59375 0.29150390625 0.2819010416666667
5 0.244140625 0.2727864583333333 0.1201171875 0.232421875
7 0.3203125 0.703125 0.1845703125 0.4029947916666667
11 0.6416015625 0.427734375 0.23779296875 0.3268229166666667
9 0.6044921875 0.3092447916666667 0.14599609375 0.2838541666666667
0 0.83349609375 0.3268229166666667 0.13427734375 0.23046875
3 0.44189453125 0.4010416666666667 0.18798828125 0.14973958333333334
10 0.3583984375 0.21549479166666666 0.09130859375 0.3307291666666667
6 0.51025390625 0.22526041666666666 0.11181640625 0.19921875
13 0.82373046875 0.62109375 0.13037109375 0.3587239583333333
1 0.42919921875 0.6510416666666666 0.13671875 0.24479166666666666
2 0.48388671875 0.8235677083333334 0.08740234375 0.23307291666666666
4 0.5595703125 0.7180989583333334 0.0908203125 0.2545572916666667
12 0.6416015625 0.8014322916666666 0.10302734375 0.3763020833333333
14 0.720703125 0.71484375 0.10888671875 0.4186197916666667