1 0.44677734375 0.77734375 0.1787109375 0.11197916666666667
14 0.21875 0.20182291666666666 0.283203125 0.248046875
8 0.43310546875 0.3352864583333333 0.24755859375 0.3248697916666667
10 0.80859375 0.6139322916666666 0.2080078125 0.267578125
7 0.43994140625 0.4889322916666667 0.26123046875 0.2962239583333333
0 0.81103515625 0.3294270833333333 0.1181640625 0.22526041666666666
3 0.14794921875 0.5572916666666666 0.16650390625 0.22916666666666666
9 0.2626953125 0.6484375 0.2197265625 0.11458333333333333
11 0.67236328125 0.5169270833333334 0.10205078125 0.3880208333333333
12 0.68505859375 0.8352864583333334 0.27880859375 0.15169270833333334
13 0.5458984375 0.20768229166666666 0.203125 0.3079427083333333
5 0.65478515625 0.20833333333333334 0.142578125 0.21158854166666666
6 0.587890625 0.4466145833333333 0.0703125 0.18098958333333334
2 0.435546875 0.6295572916666666 0.15478515625 0.19401041666666666
4 0.29150390625 0.4778645833333333 0.1201171875 0.234375