8 0.31103515625 0.755859375 0.32958984375 0.166015625
11 0.2314453125 0.56640625 0.2978515625 0.24739583333333334
7 0.666015625 0.75 0.32373046875 0.15885416666666666
14 0.34423828125 0.447265625 0.23388671875 0.380859375
12 0.6298828125 0.4479166666666667 0.2880859375 0.17708333333333334
10 0.18359375 0.3352864583333333 0.19580078125 0.3072916666666667
13 0.65283203125 0.6139322916666666 0.2861328125 0.14908854166666666
5 0.35498046875 0.16015625 0.1826171875 0.14713541666666666
9 0.42333984375 0.4010416666666667 0.17333984375 0.283203125
2 0.88330078125 0.2662760416666667 0.12939453125 0.23893229166666666
3 0.8271484375 0.5299479166666666 0.0830078125 0.2571614583333333
0 0.6181640625 0.3274739583333333 0.1767578125 0.15625
6 0.60400390625 0.16015625 0.15576171875 0.13020833333333334
1 0.76171875 0.2734375 0.1005859375 0.255859375
4 0.4833984375 0.22330729166666666 0.08251953125 0.2682291666666667