8 0.28857421875 0.3704427083333333 0.28466796875 0.2786458333333333
12 0.82177734375 0.771484375 0.267578125 0.2591145833333333
11 0.84716796875 0.369140625 0.10302734375 0.392578125
14 0.533203125 0.3359375 0.25341796875 0.3287760416666667
7 0.1943359375 0.75 0.31005859375 0.2545572916666667
9 0.6162109375 0.15755208333333334 0.21728515625 0.142578125
5 0.736328125 0.4446614583333333 0.1025390625 0.232421875
0 0.41845703125 0.6712239583333334 0.16943359375 0.19921875
1 0.32568359375 0.5768229166666666 0.1943359375 0.11588541666666667
4 0.2138671875 0.4674479166666667 0.1982421875 0.138671875
10 0.43505859375 0.388671875 0.18359375 0.2923177083333333
3 0.61181640625 0.5540364583333334 0.18359375 0.21223958333333334
13 0.58349609375 0.7005208333333334 0.21044921875 0.3294270833333333
2 0.62255859375 0.283203125 0.166015625 0.19401041666666666
6 0.72021484375 0.6614583333333334 0.14111328125 0.17708333333333334