12 0.28076171875 0.7317708333333334 0.29248046875 0.14778645833333334
14 0.6728515625 0.4440104166666667 0.20166015625 0.3997395833333333
11 0.28173828125 0.5970052083333334 0.31787109375 0.12760416666666666
9 0.525390625 0.8756510416666666 0.2275390625 0.17578125
10 0.8515625 0.275390625 0.18701171875 0.3196614583333333
8 0.12353515625 0.3626302083333333 0.1181640625 0.3873697916666667
1 0.6142578125 0.6985677083333334 0.1865234375 0.216796875
3 0.255859375 0.490234375 0.203125 0.11393229166666667
5 0.41650390625 0.4153645833333333 0.14111328125 0.234375
6 0.61962890625 0.19596354166666666 0.15283203125 0.19140625
13 0.751953125 0.7291666666666666 0.19091796875 0.3561197916666667
0 0.31982421875 0.21940104166666666 0.12451171875 0.24153645833333334
4 0.51513671875 0.4993489583333333 0.15087890625 0.24869791666666666
7 0.51953125 0.24479166666666666 0.25244140625 0.3430989583333333
2 0.7724609375 0.5071614583333334 0.15771484375 0.21028645833333334