8 0.40673828125 0.810546875 0.3115234375 0.18489583333333334
12 0.7138671875 0.6940104166666666 0.25048828125 0.2916666666666667
11 0.3369140625 0.2649739583333333 0.2275390625 0.3665364583333333
14 0.77978515625 0.4772135416666667 0.30224609375 0.275390625
13 0.86865234375 0.2942708333333333 0.25341796875 0.2819010416666667
0 0.1611328125 0.22981770833333334 0.1884765625 0.14908854166666666
7 0.51318359375 0.3639322916666667 0.21142578125 0.38671875
9 0.76171875 0.326171875 0.20458984375 0.24609375
5 0.45947265625 0.4791666666666667 0.138671875 0.23111979166666666
1 0.140625 0.642578125 0.17041015625 0.23763020833333334
10 0.7333984375 0.5703125 0.2392578125 0.23307291666666666
3 0.203125 0.525390625 0.1123046875 0.251953125
2 0.5625 0.18619791666666666 0.1728515625 0.20377604166666666
4 0.4990234375 0.6412760416666666 0.169921875 0.22135416666666666
6 0.3271484375 0.5234375 0.07763671875 0.19075520833333334