7 0.18359375 0.4869791666666667 0.24267578125 0.32421875
8 0.33642578125 0.5052083333333334 0.22265625 0.3313802083333333
11 0.48876953125 0.7154947916666666 0.27392578125 0.12565104166666666
14 0.79248046875 0.658203125 0.29150390625 0.12109375
13 0.796875 0.439453125 0.08935546875 0.3333333333333333
12 0.89599609375 0.3951822916666667 0.1240234375 0.34765625
6 0.5703125 0.6067708333333334 0.1396484375 0.09635416666666667
9 0.5576171875 0.5078125 0.203125 0.10026041666666667
5 0.630859375 0.30859375 0.1240234375 0.21940104166666666
3 0.486328125 0.3365885416666667 0.17529296875 0.11848958333333333
10 0.34033203125 0.326171875 0.16455078125 0.294921875
2 0.14599609375 0.6614583333333334 0.130859375 0.20182291666666666
4 0.05810546875 0.5501302083333334 0.07080078125 0.21484375
1 0.734375 0.419921875 0.083984375 0.23372395833333334
0 0.43505859375 0.20052083333333334 0.15625 0.19596354166666666