8 0.30419921875 0.23958333333333334 0.2626953125 0.2981770833333333
12 0.18115234375 0.6920572916666666 0.2607421875 0.24869791666666666
7 0.32568359375 0.5201822916666666 0.27392578125 0.275390625
14 0.32958984375 0.658203125 0.2939453125 0.23893229166666666
11 0.880859375 0.4244791666666667 0.10302734375 0.396484375
9 0.42578125 0.361328125 0.119140625 0.2825520833333333
5 0.11474609375 0.4602864583333333 0.10302734375 0.22526041666666666
3 0.5302734375 0.6673177083333334 0.16015625 0.23763020833333334
13 0.68408203125 0.3294270833333333 0.09130859375 0.3567708333333333
0 0.865234375 0.7350260416666666 0.10888671875 0.22721354166666666
10 0.60009765625 0.462890625 0.15771484375 0.30859375
6 0.7197265625 0.5970052083333334 0.09619140625 0.19791666666666666
1 0.80224609375 0.4459635416666667 0.1025390625 0.248046875
2 0.5107421875 0.22135416666666666 0.12890625 0.22526041666666666
4 0.603515625 0.22135416666666666 0.07861328125 0.2552083333333333