11 0.5869140625 0.15690104166666666 0.2568359375 0.294921875
14 0.18798828125 0.46875 0.29248046875 0.17447916666666666
7 0.8515625 0.322265625 0.2705078125 0.2799479166666667
9 0.41064453125 0.2727864583333333 0.21142578125 0.1484375
8 0.51806640625 0.6705729166666666 0.14453125 0.3834635416666667
12 0.79248046875 0.5872395833333334 0.1298828125 0.3489583333333333
10 0.427734375 0.45703125 0.2197265625 0.21549479166666666
5 0.85546875 0.4772135416666667 0.15771484375 0.19075520833333334
13 0.58447265625 0.4427083333333333 0.07275390625 0.3391927083333333
1 0.6787109375 0.4153645833333333 0.0751953125 0.23307291666666666
4 0.6201171875 0.7649739583333334 0.12451171875 0.22981770833333334
0 0.6845703125 0.669921875 0.12255859375 0.205078125
2 0.4306640625 0.7005208333333334 0.125 0.20182291666666666
3 0.32275390625 0.7311197916666666 0.14453125 0.21940104166666666
6 0.52587890625 0.22786458333333334 0.1357421875 0.15885416666666666