8 0.63623046875 0.6067708333333334 0.20263671875 0.3723958333333333
12 0.302734375 0.4830729166666667 0.11328125 0.3515625
7 0.39501953125 0.6875 0.1806640625 0.3873697916666667
9 0.638671875 0.16861979166666666 0.2099609375 0.14518229166666666
10 0.17919921875 0.421875 0.16748046875 0.2858072916666667
14 0.34912109375 0.291015625 0.13525390625 0.3873697916666667
5 0.85400390625 0.46875 0.09716796875 0.22786458333333334
3 0.5322265625 0.609375 0.12841796875 0.24348958333333334
11 0.4443359375 0.3033854166666667 0.09326171875 0.3828125
4 0.16796875 0.677734375 0.19384765625 0.11197916666666667
6 0.81005859375 0.7376302083333334 0.1455078125 0.18424479166666666
13 0.53857421875 0.3248697916666667 0.12060546875 0.3483072916666667
1 0.7685546875 0.5110677083333334 0.080078125 0.23893229166666666
0 0.64013671875 0.3053385416666667 0.09521484375 0.21484375
2 0.705078125 0.7278645833333334 0.130859375 0.22200520833333334