8 0.81640625 0.3424479166666667 0.19384765625 0.4322916666666667
14 0.53466796875 0.46484375 0.20703125 0.4153645833333333
11 0.70263671875 0.306640625 0.16845703125 0.4212239583333333
12 0.408203125 0.7376302083333334 0.306640625 0.134765625
5 0.6982421875 0.8391927083333334 0.19287109375 0.15625
13 0.42431640625 0.15950520833333334 0.287109375 0.123046875
9 0.25390625 0.5618489583333334 0.15771484375 0.30078125
10 0.80615234375 0.6966145833333334 0.1396484375 0.3606770833333333
7 0.6376953125 0.484375 0.18994140625 0.42578125
4 0.2470703125 0.8248697916666666 0.1982421875 0.22916666666666666
3 0.4599609375 0.8723958333333334 0.20263671875 0.115234375
0 0.34326171875 0.3658854166666667 0.16552734375 0.22916666666666666
1 0.19921875 0.4967447916666667 0.16259765625 0.2578125
2 0.1787109375 0.3033854166666667 0.1796875 0.212890625
6 0.455078125 0.580078125 0.16259765625 0.16796875