8 0.26220703125 0.5904947916666666 0.2216796875 0.4388020833333333
7 0.6669921875 0.5559895833333334 0.1826171875 0.439453125
14 0.5849609375 0.19661458333333334 0.2841796875 0.3483072916666667
12 0.72900390625 0.7545572916666666 0.1357421875 0.4205729166666667
13 0.23046875 0.24739583333333334 0.2861328125 0.2747395833333333
11 0.41796875 0.44921875 0.16552734375 0.4290364583333333
9 0.5244140625 0.8561197916666666 0.24755859375 0.13151041666666666
10 0.83447265625 0.3977864583333333 0.10107421875 0.3515625
5 0.47900390625 0.7298177083333334 0.18310546875 0.140625
3 0.28466796875 0.88671875 0.220703125 0.15885416666666666
6 0.45361328125 0.19791666666666666 0.16357421875 0.18880208333333334
0 0.61376953125 0.3899739583333333 0.11865234375 0.24348958333333334
2 0.8544921875 0.74609375 0.12939453125 0.2526041666666667
1 0.318359375 0.4765625 0.13671875 0.2825520833333333
4 0.5166015625 0.5032552083333334 0.1064453125 0.255859375