8 0.14306640625 0.5240885416666666 0.1337890625 0.419921875
11 0.55810546875 0.8372395833333334 0.322265625 0.18359375
12 0.42626953125 0.5911458333333334 0.24365234375 0.3098958333333333
4 0.27001953125 0.3463541666666667 0.1904296875 0.11783854166666667
14 0.28125 0.6184895833333334 0.15625 0.4251302083333333
9 0.54931640625 0.2779947916666667 0.22412109375 0.12044270833333333
6 0.33642578125 0.251953125 0.15625 0.142578125
10 0.5341796875 0.55078125 0.2470703125 0.22005208333333334
3 0.50732421875 0.17317708333333334 0.1865234375 0.11848958333333333
5 0.91845703125 0.4127604166666667 0.11865234375 0.24609375
13 0.734375 0.232421875 0.27490234375 0.21028645833333334
1 0.8330078125 0.4615885416666667 0.09814453125 0.2532552083333333
0 0.77294921875 0.625 0.12890625 0.236328125
2 0.70703125 0.39453125 0.09765625 0.22916666666666666
7 0.51025390625 0.41796875 0.30615234375 0.185546875