14 0.5537109375 0.7727864583333334 0.3271484375 0.17643229166666666
11 0.74462890625 0.3424479166666667 0.3193359375 0.17838541666666666
12 0.150390625 0.361328125 0.12158203125 0.3678385416666667
10 0.8466796875 0.6145833333333334 0.25732421875 0.22200520833333334
4 0.14453125 0.7291666666666666 0.20068359375 0.17513020833333334
9 0.66259765625 0.1875 0.21630859375 0.21419270833333334
7 0.3251953125 0.4986979166666667 0.1767578125 0.4016927083333333
8 0.41455078125 0.5182291666666666 0.1845703125 0.404296875
0 0.77490234375 0.4798177083333333 0.18896484375 0.13151041666666666
1 0.92578125 0.3795572916666667 0.12158203125 0.263671875
3 0.46484375 0.3131510416666667 0.099609375 0.2584635416666667
13 0.5400390625 0.2786458333333333 0.11181640625 0.3658854166666667
6 0.287109375 0.6686197916666666 0.1142578125 0.20638020833333334
2 0.638671875 0.5592447916666666 0.123046875 0.234375
5 0.54150390625 0.5735677083333334 0.12158203125 0.23046875