12 0.61181640625 0.732421875 0.25927734375 0.3098958333333333
8 0.416015625 0.7877604166666666 0.33544921875 0.17447916666666666
11 0.89013671875 0.384765625 0.18896484375 0.3841145833333333
14 0.6669921875 0.3125 0.22705078125 0.3639322916666667
7 0.2841796875 0.2513020833333333 0.212890625 0.376953125
13 0.7578125 0.580078125 0.2783203125 0.23372395833333334
5 0.5234375 0.3079427083333333 0.11083984375 0.23697916666666666
9 0.6044921875 0.560546875 0.2060546875 0.2513020833333333
4 0.0830078125 0.55078125 0.0908203125 0.2578125
3 0.17041015625 0.30859375 0.166015625 0.24739583333333334
1 0.79443359375 0.3600260416666667 0.12890625 0.25
0 0.34912109375 0.3450520833333333 0.1474609375 0.220703125
10 0.40283203125 0.458984375 0.138671875 0.3274739583333333
2 0.25244140625 0.515625 0.1806640625 0.16861979166666666
6 0.17626953125 0.7337239583333334 0.08544921875 0.20572916666666666