12 0.7734375 0.4973958333333333 0.20751953125 0.3229166666666667
5 0.45458984375 0.4765625 0.140625 0.20963541666666666
11 0.63232421875 0.2591145833333333 0.09375 0.392578125
7 0.56201171875 0.478515625 0.22412109375 0.3509114583333333
8 0.6103515625 0.6959635416666666 0.2744140625 0.28515625
14 0.279296875 0.484375 0.2099609375 0.3639322916666667
13 0.35498046875 0.20052083333333334 0.2509765625 0.23893229166666666
1 0.47900390625 0.8391927083333334 0.1826171875 0.126953125
3 0.18994140625 0.498046875 0.16064453125 0.234375
4 0.76416015625 0.662109375 0.17724609375 0.21809895833333334
9 0.76513671875 0.3040364583333333 0.140625 0.287109375
10 0.24072265625 0.69140625 0.2392578125 0.18229166666666666
0 0.42626953125 0.69921875 0.13916015625 0.19856770833333334
2 0.427734375 0.2858072916666667 0.1650390625 0.18294270833333334
6 0.35205078125 0.4609375 0.12109375 0.197265625