14 0.28662109375 0.2584635416666667 0.30859375 0.203125
7 0.42431640625 0.478515625 0.3017578125 0.22786458333333334
12 0.4619140625 0.8001302083333334 0.2880859375 0.201171875
8 0.6728515625 0.5 0.18408203125 0.408203125
10 0.806640625 0.7213541666666666 0.24267578125 0.2513020833333333
3 0.18896484375 0.6126302083333334 0.19580078125 0.11653645833333333
5 0.18310546875 0.5045572916666666 0.19580078125 0.12955729166666666
2 0.22607421875 0.8157552083333334 0.189453125 0.17838541666666666
13 0.63623046875 0.7311197916666666 0.11279296875 0.3938802083333333
1 0.53759765625 0.13346354166666666 0.13720703125 0.24674479166666666
0 0.607421875 0.2532552083333333 0.16943359375 0.19140625
9 0.74658203125 0.3743489583333333 0.177734375 0.2727864583333333
4 0.88671875 0.4231770833333333 0.1396484375 0.2545572916666667
6 0.5322265625 0.3665364583333333 0.1279296875 0.1953125
11 0.43310546875 0.6497395833333334 0.3017578125 0.18033854166666666