14 0.53759765625 0.8196614583333334 0.3115234375 0.13736979166666666
8 0.74951171875 0.2858072916666667 0.2431640625 0.36328125
7 0.3466796875 0.25 0.275390625 0.32421875
12 0.61669921875 0.4778645833333333 0.2294921875 0.3046875
11 0.4814453125 0.11783854166666667 0.3056640625 0.150390625
10 0.3359375 0.4303385416666667 0.24365234375 0.203125
13 0.56103515625 0.5559895833333334 0.2294921875 0.2923177083333333
5 0.16845703125 0.6809895833333334 0.14599609375 0.22916666666666666
2 0.4501953125 0.6243489583333334 0.1669921875 0.13802083333333334
3 0.3037109375 0.7389322916666666 0.1474609375 0.2526041666666667
0 0.123046875 0.490234375 0.10498046875 0.21875
9 0.794921875 0.6165364583333334 0.10302734375 0.291015625
1 0.88134765625 0.6484375 0.1015625 0.24088541666666666
6 0.5234375 0.2799479166666667 0.14501953125 0.14908854166666666
4 0.6669921875 0.3723958333333333 0.1767578125 0.2109375