14 0.7451171875 0.6920572916666666 0.2802734375 0.375
8 0.32958984375 0.6022135416666666 0.23681640625 0.4049479166666667
7 0.66162109375 0.40625 0.23486328125 0.39453125
12 0.6533203125 0.16341145833333334 0.29052734375 0.16145833333333334
11 0.48779296875 0.4798177083333333 0.234375 0.375
0 0.43115234375 0.23697916666666666 0.1767578125 0.17903645833333334
5 0.759765625 0.390625 0.16357421875 0.23828125
2 0.22021484375 0.7141927083333334 0.1904296875 0.21223958333333334
9 0.5654296875 0.4427083333333333 0.185546875 0.28515625
3 0.27587890625 0.3450520833333333 0.1943359375 0.212890625
1 0.85888671875 0.3658854166666667 0.13232421875 0.26953125
10 0.43994140625 0.587890625 0.19580078125 0.3255208333333333
6 0.82861328125 0.7473958333333334 0.16845703125 0.21614583333333334
4 0.14208984375 0.5104166666666666 0.09423828125 0.2604166666666667
13 0.52880859375 0.76953125 0.2626953125 0.3235677083333333