14 0.5576171875 0.22721354166666666 0.30029296875 0.3821614583333333
8 0.73095703125 0.6399739583333334 0.3388671875 0.2532552083333333
11 0.35205078125 0.7786458333333334 0.25634765625 0.392578125
10 0.75146484375 0.8151041666666666 0.279296875 0.13346354166666666
9 0.47607421875 0.7779947916666666 0.19873046875 0.30078125
12 0.21630859375 0.375 0.15380859375 0.4303385416666667
3 0.68701171875 0.498046875 0.21630859375 0.20052083333333334
13 0.73974609375 0.2877604166666667 0.19775390625 0.3997395833333333
7 0.30908203125 0.328125 0.14892578125 0.4791666666666667
2 0.53955078125 0.6985677083333334 0.17138671875 0.23372395833333334
1 0.16455078125 0.5416666666666666 0.134765625 0.2864583333333333
5 0.53076171875 0.466796875 0.10888671875 0.24479166666666666
0 0.43359375 0.392578125 0.1083984375 0.2506510416666667
6 0.8671875 0.580078125 0.14990234375 0.22330729166666666
4 0.85595703125 0.3483072916666667 0.1630859375 0.283203125