8 0.43212890625 0.18294270833333334 0.3291015625 0.2955729166666667
7 0.4580078125 0.72265625 0.32958984375 0.24348958333333334
14 0.7275390625 0.61328125 0.26123046875 0.37890625
12 0.30908203125 0.8053385416666666 0.3154296875 0.18098958333333334
13 0.689453125 0.16569010416666666 0.2060546875 0.3313802083333333
11 0.5380859375 0.390625 0.32177734375 0.220703125
9 0.23291015625 0.5325520833333334 0.0986328125 0.330078125
10 0.57666015625 0.9391276041666666 0.263671875 0.12174479166666667
5 0.32763671875 0.4720052083333333 0.10546875 0.244140625
3 0.2099609375 0.212890625 0.119140625 0.2942708333333333
6 0.7265625 0.4381510416666667 0.1416015625 0.21809895833333334
0 0.58251953125 0.6516927083333334 0.1826171875 0.158203125
2 0.3154296875 0.9430338541666666 0.189453125 0.11393229166666667
1 0.517578125 0.2578125 0.2119140625 0.18229166666666666
4 0.49755859375 0.5221354166666666 0.19189453125 0.14192708333333334