14 0.55322265625 0.8059895833333334 0.2861328125 0.37109375
8 0.75244140625 0.6529947916666666 0.1337890625 0.474609375
12 0.357177734375 0.8492838541666666 0.11279296875 0.3014322916666667
7 0.3388671875 0.6015625 0.3115234375 0.3092447916666667
5 0.607421875 0.22265625 0.16796875 0.2630208333333333
1 0.2587890625 0.3307291666666667 0.125 0.2819010416666667
11 0.5751953125 0.9508463541666666 0.3330078125 0.09830729166666667
10 0.45849609375 0.4290364583333333 0.27392578125 0.18359375
13 0.298828125 0.11328125 0.2958984375 0.2265625
4 0.5927734375 0.603515625 0.20458984375 0.232421875
9 0.5849609375 0.4700520833333333 0.240234375 0.22981770833333334
0 0.3779296875 0.3040364583333333 0.189453125 0.18229166666666666
2 0.4609375 0.15169270833333334 0.19091796875 0.20572916666666666
6 0.7509765625 0.3151041666666667 0.18701171875 0.14388020833333334
3 0.612548828125 0.054361979166666664 0.21826171875 0.10872395833333333