8 0.4228515625 0.20703125 0.341796875 0.3014322916666667
12 0.31640625 0.7649739583333334 0.2998046875 0.2604166666666667
11 0.1552734375 0.4212239583333333 0.1875 0.44140625
7 0.83642578125 0.4075520833333333 0.2236328125 0.4609375
14 0.51025390625 0.72265625 0.1337890625 0.474609375
5 0.23388671875 0.23502604166666666 0.1923828125 0.24348958333333334
13 0.32666015625 0.5631510416666666 0.25244140625 0.3430989583333333
1 0.35400390625 0.4479166666666667 0.193359375 0.259765625
4 0.58642578125 0.14127604166666666 0.22216796875 0.16861979166666666
3 0.82763671875 0.765625 0.14501953125 0.2877604166666667
2 0.62060546875 0.8196614583333334 0.11279296875 0.2649739583333333
10 0.7294921875 0.6002604166666666 0.12353515625 0.3717447916666667
0 0.6650390625 0.3502604166666667 0.10302734375 0.259765625
9 0.56591796875 0.5208333333333334 0.13427734375 0.3138020833333333
6 0.40283203125 0.349609375 0.1611328125 0.197265625