7 0.314453125 0.283203125 0.3125 0.173828125
11 0.61376953125 0.2669270833333333 0.30419921875 0.16080729166666666
14 0.6328125 0.3873697916666667 0.31884765625 0.15950520833333334
8 0.83203125 0.3515625 0.15380859375 0.4147135416666667
10 0.53271484375 0.8717447916666666 0.255859375 0.17122395833333334
5 0.3271484375 0.7350260416666666 0.1787109375 0.16015625
13 0.69482421875 0.6302083333333334 0.2861328125 0.150390625
9 0.54052734375 0.7532552083333334 0.2275390625 0.14973958333333334
12 0.767578125 0.7942708333333334 0.2216796875 0.3404947916666667
3 0.6884765625 0.5247395833333334 0.19873046875 0.11588541666666667
0 0.26318359375 0.52734375 0.10107421875 0.22265625
2 0.42431640625 0.470703125 0.09814453125 0.22200520833333334
6 0.43408203125 0.6315104166666666 0.14892578125 0.11002604166666667
1 0.33837890625 0.4700520833333333 0.0810546875 0.251953125
4 0.53076171875 0.5403645833333334 0.1201171875 0.24283854166666666