14 0.1787109375 0.6712239583333334 0.31591796875 0.3678385416666667
11 0.21435546875 0.4895833333333333 0.35107421875 0.267578125
10 0.265625 0.2421875 0.28173828125 0.23177083333333334
12 0.666015625 0.7298177083333334 0.1298828125 0.4388020833333333
7 0.55029296875 0.45703125 0.10791015625 0.4791666666666667
8 0.8896484375 0.671875 0.1181640625 0.4830729166666667
5 0.26025390625 0.3756510416666667 0.20703125 0.20833333333333334
1 0.5185546875 0.79296875 0.17431640625 0.28515625
13 0.76806640625 0.4147135416666667 0.1904296875 0.4055989583333333
9 0.64013671875 0.3430989583333333 0.1123046875 0.341796875
4 0.3720703125 0.7350260416666666 0.1943359375 0.2623697916666667
6 0.41943359375 0.5130208333333334 0.1474609375 0.22916666666666666
3 0.71875 0.18294270833333334 0.09228515625 0.3053385416666667
0 0.45751953125 0.2682291666666667 0.10888671875 0.2571614583333333
2 0.7734375 0.7434895833333334 0.111328125 0.2604166666666667