11 0.626953125 0.4140625 0.28271484375 0.3450520833333333
8 0.430908203125 0.22493489583333334 0.13037109375 0.4498697916666667
10 0.538330078125 0.146484375 0.13623046875 0.29296875
2 0.2421875 0.6315104166666666 0.13232421875 0.23763020833333334
12 0.31689453125 0.4602864583333333 0.30517578125 0.220703125
1 0.64453125 0.1259765625 0.1318359375 0.251953125
14 0.3193359375 0.18717447916666666 0.1591796875 0.3743489583333333
7 0.4931640625 0.7662760416666666 0.34326171875 0.16276041666666666
4 0.580810546875 0.8955078125 0.18798828125 0.208984375
3 0.54345703125 0.3626302083333333 0.18798828125 0.24348958333333334
5 0.38525390625 0.6295572916666666 0.1806640625 0.14973958333333334
0 0.73095703125 0.5240885416666666 0.1923828125 0.13411458333333334
6 0.43798828125 0.8854166666666666 0.1591796875 0.11653645833333333
9 0.2978515625 0.8763020833333334 0.146484375 0.24739583333333334
13 0.6396484375 0.6412760416666666 0.31396484375 0.13606770833333334