12 0.326171875 0.20768229166666666 0.11083984375 0.3899739583333333
14 0.5419921875 0.73046875 0.2998046875 0.2688802083333333
11 0.42724609375 0.21028645833333334 0.095703125 0.4205729166666667
9 0.21826171875 0.5338541666666666 0.1318359375 0.3033854166666667
10 0.668212890625 0.921875 0.23974609375 0.15625
8 0.602783203125 0.038411458333333336 0.29052734375 0.07682291666666667
1 0.35107421875 0.65234375 0.16259765625 0.24869791666666666
3 0.50732421875 0.17447916666666666 0.08544921875 0.2708333333333333
5 0.5634765625 0.388671875 0.17578125 0.18815104166666666
6 0.72802734375 0.6595052083333334 0.1435546875 0.20377604166666666
13 0.328125 0.8359375 0.26708984375 0.2545572916666667
0 0.71044921875 0.259765625 0.18115234375 0.166015625
4 0.50048828125 0.5201822916666666 0.1865234375 0.201171875
7 0.69140625 0.5260416666666666 0.25732421875 0.3365885416666667
2 0.49462890625 0.86328125 0.15771484375 0.21028645833333334