14 0.5712890625 0.8411458333333334 0.32763671875 0.21354166666666666
12 0.19140625 0.5403645833333334 0.26318359375 0.3118489583333333
11 0.26806640625 0.4296875 0.2822265625 0.353515625
8 0.56640625 0.3033854166666667 0.20166015625 0.4375
5 0.35546875 0.7259114583333334 0.15185546875 0.24283854166666666
7 0.39111328125 0.39453125 0.15966796875 0.44140625
13 0.7236328125 0.662109375 0.27294921875 0.26953125
1 0.8720703125 0.3704427083333333 0.12890625 0.2734375
3 0.52734375 0.6588541666666666 0.20068359375 0.138671875
9 0.6640625 0.3072916666666667 0.162109375 0.3118489583333333
4 0.81103515625 0.7083333333333334 0.19189453125 0.23893229166666666
10 0.49755859375 0.4322916666666667 0.13916015625 0.3502604166666667
0 0.79150390625 0.3997395833333333 0.1357421875 0.24283854166666666
2 0.69140625 0.5540364583333334 0.185546875 0.20377604166666666
6 0.21923828125 0.7506510416666666 0.12548828125 0.212890625