14 0.42236328125 0.7854817708333334 0.2451171875 0.4290364583333333
11 0.371337890625 0.84765625 0.22314453125 0.3046875
8 0.63134765625 0.4934895833333333 0.3125 0.326171875
10 0.4892578125 0.2890625 0.205078125 0.34375
12 0.77783203125 0.3626302083333333 0.15234375 0.4108072916666667
9 0.3974609375 0.212890625 0.1103515625 0.3444010416666667
5 0.26708984375 0.109375 0.203125 0.21809895833333334
13 0.66650390625 0.7838541666666666 0.306640625 0.20247395833333334
7 0.544921875 0.10416666666666667 0.3251953125 0.20833333333333334
1 0.64501953125 0.048177083333333336 0.2119140625 0.09635416666666667
3 0.4990234375 0.6549479166666666 0.20751953125 0.2265625
6 0.29931640625 0.52734375 0.17919921875 0.13151041666666666
2 0.259765625 0.41015625 0.2041015625 0.16145833333333334
0 0.63525390625 0.3235677083333333 0.17333984375 0.2421875
4 0.5087890625 0.52734375 0.20361328125 0.21354166666666666