14 0.248046875 0.6959635416666666 0.17529296875 0.4264322916666667
8 0.58984375 0.462890625 0.32373046875 0.2845052083333333
13 0.35400390625 0.6393229166666666 0.15576171875 0.380859375
12 0.67431640625 0.6770833333333334 0.302734375 0.24934895833333334
10 0.56298828125 0.6321614583333334 0.2529296875 0.24609375
0 0.267578125 0.35546875 0.1572265625 0.24348958333333334
7 0.70166015625 0.80078125 0.30615234375 0.23046875
5 0.55322265625 0.16145833333333334 0.140625 0.263671875
11 0.39306640625 0.85546875 0.3046875 0.22330729166666666
3 0.45068359375 0.0595703125 0.2060546875 0.119140625
1 0.5048828125 0.396484375 0.20068359375 0.21028645833333334
4 0.3828125 0.380859375 0.1689453125 0.2584635416666667
9 0.422607421875 0.9342447916666666 0.22900390625 0.13151041666666666
2 0.39404296875 0.18294270833333334 0.18505859375 0.20182291666666666
6 0.658203125 0.2864583333333333 0.1650390625 0.20638020833333334