14 0.29248046875 0.14713541666666666 0.2333984375 0.2942708333333333
8 0.693359375 0.74609375 0.2353515625 0.4127604166666667
12 0.2939453125 0.3072916666666667 0.2822265625 0.2727864583333333
11 0.515625 0.17513020833333334 0.3125 0.271484375
7 0.6318359375 0.4986979166666667 0.34033203125 0.189453125
13 0.564453125 0.7467447916666666 0.21728515625 0.3561197916666667
5 0.76025390625 0.248046875 0.197265625 0.19986979166666666
10 0.6044921875 0.09830729166666667 0.26953125 0.17643229166666666
1 0.28173828125 0.841796875 0.18310546875 0.25390625
4 0.44189453125 0.7688802083333334 0.166015625 0.2682291666666667
0 0.23779296875 0.5794270833333334 0.14599609375 0.244140625
3 0.4111328125 0.49609375 0.20263671875 0.185546875
6 0.3408203125 0.427734375 0.166015625 0.15169270833333334
9 0.5576171875 0.3326822916666667 0.236328125 0.13606770833333334
2 0.37060546875 0.6966145833333334 0.1572265625 0.23763020833333334