7 0.33740234375 0.7473958333333334 0.13037109375 0.4166666666666667
11 0.3251953125 0.3483072916666667 0.12060546875 0.4055989583333333
14 0.41552734375 0.3229166666666667 0.11962890625 0.4251302083333333
8 0.388427734375 0.07975260416666667 0.31103515625 0.15950520833333334
10 0.77880859375 0.4563802083333333 0.12841796875 0.3411458333333333
5 0.67626953125 0.73046875 0.1201171875 0.23828125
13 0.59765625 0.240234375 0.11279296875 0.3815104166666667
9 0.68994140625 0.4459635416666667 0.1123046875 0.3033854166666667
12 0.720458984375 0.1455078125 0.25537109375 0.291015625
3 0.5185546875 0.24869791666666666 0.0869140625 0.2649739583333333
0 0.5205078125 0.8157552083333334 0.1669921875 0.134765625
2 0.47802734375 0.6009114583333334 0.16650390625 0.130859375
6 0.5986328125 0.587890625 0.08251953125 0.19856770833333334
1 0.4775390625 0.7154947916666666 0.18896484375 0.10807291666666667
4 0.5302734375 0.458984375 0.18212890625 0.16015625