14 0.7294921875 0.4290364583333333 0.2783203125 0.3815104166666667
8 0.61474609375 0.16341145833333334 0.35595703125 0.17838541666666666
12 0.8056640625 0.6901041666666666 0.31298828125 0.150390625
7 0.576171875 0.71484375 0.23193359375 0.4153645833333333
5 0.2919921875 0.3567708333333333 0.197265625 0.22395833333333334
1 0.373046875 0.8216145833333334 0.21142578125 0.16666666666666666
11 0.873046875 0.3997395833333333 0.14306640625 0.4440104166666667
10 0.44677734375 0.5553385416666666 0.1376953125 0.365234375
13 0.20263671875 0.7682291666666666 0.1845703125 0.39453125
4 0.57763671875 0.3763020833333333 0.17431640625 0.2727864583333333
9 0.4775390625 0.38671875 0.17236328125 0.3203125
0 0.35302734375 0.6627604166666666 0.13671875 0.2526041666666667
2 0.23876953125 0.5520833333333334 0.154296875 0.2545572916666667
6 0.361328125 0.16536458333333334 0.10791015625 0.24934895833333334
3 0.16015625 0.349609375 0.0927734375 0.291015625