8 0.16943359375 0.5784505208333334 0.0888671875 0.4225260416666667
12 0.591552734375 0.146484375 0.14599609375 0.29296875
7 0.2353515625 0.39453125 0.17431640625 0.4166666666666667
10 0.3115234375 0.23567708333333334 0.2021484375 0.2994791666666667
13 0.3603515625 0.5768229166666666 0.0810546875 0.3932291666666667
5 0.53564453125 0.23307291666666666 0.13037109375 0.24479166666666666
14 0.1943359375 0.4853515625 0.138671875 0.4212239583333333
11 0.56591796875 0.5546875 0.322265625 0.13020833333333334
3 0.75048828125 0.22526041666666666 0.16943359375 0.2526041666666667
9 0.58154296875 0.4329427083333333 0.2373046875 0.12890625
0 0.39892578125 0.18359375 0.16552734375 0.21940104166666666
2 0.27685546875 0.0458984375 0.1748046875 0.091796875
6 0.172607421875 0.11067708333333333 0.09521484375 0.17057291666666666
4 0.439697265625 0.06282552083333333 0.19482421875 0.12565104166666666