14 0.244140625 0.5950520833333334 0.16015625 0.4368489583333333
12 0.469482421875 0.1318359375 0.23388671875 0.263671875
11 0.552734375 0.19075520833333334 0.26513671875 0.3763020833333333
8 0.6474609375 0.5885416666666666 0.328125 0.2688802083333333
5 0.33056640625 0.3072916666666667 0.18212890625 0.20247395833333334
7 0.5791015625 0.3548177083333333 0.3310546875 0.212890625
13 0.37841796875 0.7981770833333334 0.2021484375 0.3639322916666667
1 0.59716796875 0.955078125 0.205078125 0.08984375
3 0.380859375 0.5364583333333334 0.10400390625 0.267578125
9 0.64453125 0.71875 0.23388671875 0.21614583333333334
4 0.343505859375 0.8932291666666666 0.17919921875 0.21354166666666666
10 0.55078125 0.4967447916666667 0.2626953125 0.185546875
0 0.5751953125 0.888671875 0.18212890625 0.18098958333333334
2 0.45947265625 0.7552083333333334 0.15283203125 0.24739583333333334
6 0.31201171875 0.12565104166666666 0.15966796875 0.16731770833333334