11 0.43505859375 0.796875 0.31640625 0.2688802083333333
12 0.75146484375 0.5188802083333334 0.24560546875 0.3424479166666667
8 0.57763671875 0.65625 0.34716796875 0.1796875
7 0.28564453125 0.24088541666666666 0.3603515625 0.185546875
14 0.22705078125 0.70703125 0.13037109375 0.4733072916666667
3 0.3740234375 0.5833333333333334 0.20947265625 0.15494791666666666
0 0.18505859375 0.3932291666666667 0.20654296875 0.162109375
9 0.61669921875 0.21484375 0.1318359375 0.3359375
1 0.35205078125 0.4869791666666667 0.21484375 0.1484375
4 0.380859375 0.35546875 0.2099609375 0.11783854166666667
6 0.7158203125 0.7682291666666666 0.171875 0.14453125
13 0.83056640625 0.2825520833333333 0.09521484375 0.412109375
10 0.533203125 0.2740885416666667 0.13330078125 0.3626302083333333
5 0.72705078125 0.177734375 0.1015625 0.28125
2 0.56201171875 0.5149739583333334 0.1806640625 0.173828125