14 0.64697265625 0.8359375 0.31982421875 0.23372395833333334
8 0.47216796875 0.3802083333333333 0.21337890625 0.431640625
13 0.6044921875 0.6946614583333334 0.28564453125 0.20768229166666666
12 0.6328125 0.267578125 0.18701171875 0.4036458333333333
10 0.59912109375 0.416015625 0.1845703125 0.3372395833333333
0 0.3916015625 0.8098958333333334 0.1826171875 0.20963541666666666
7 0.7255859375 0.23111979166666666 0.1728515625 0.408203125
5 0.24609375 0.4290364583333333 0.19775390625 0.1875
11 0.7666015625 0.642578125 0.16748046875 0.40625
3 0.13671875 0.5657552083333334 0.15576171875 0.2747395833333333
1 0.42236328125 0.4934895833333333 0.15771484375 0.267578125
4 0.41064453125 0.65625 0.19384765625 0.22526041666666666
9 0.85498046875 0.6028645833333334 0.15673828125 0.3053385416666667
2 0.26220703125 0.6412760416666666 0.1513671875 0.24674479166666666
6 0.33984375 0.2890625 0.15478515625 0.22005208333333334