14 0.70458984375 0.5768229166666666 0.28662109375 0.400390625
8 0.394775390625 0.791015625 0.18994140625 0.41796875
11 0.291015625 0.302734375 0.29443359375 0.341796875
10 0.263427734375 0.8245442708333334 0.10009765625 0.3509114583333333
9 0.29150390625 0.4680989583333333 0.2255859375 0.2649739583333333
12 0.59375 0.12174479166666667 0.32275390625 0.205078125
3 0.50146484375 0.7493489583333334 0.150390625 0.2884114583333333
13 0.6591796875 0.8196614583333334 0.2998046875 0.263671875
7 0.62890625 0.24544270833333334 0.359375 0.19856770833333334
2 0.35107421875 0.552734375 0.17529296875 0.228515625
1 0.46875 0.0712890625 0.21484375 0.142578125
5 0.52490234375 0.541015625 0.18359375 0.14518229166666666
0 0.58056640625 0.4114583333333333 0.18798828125 0.14453125
6 0.439697265625 0.9446614583333334 0.16748046875 0.11067708333333333
4 0.613525390625 0.9329427083333334 0.21240234375 0.13411458333333334