11 0.465087890625 0.060872395833333336 0.29736328125 0.12174479166666667
8 0.47607421875 0.568359375 0.2958984375 0.189453125
12 0.5615234375 0.4231770833333333 0.275390625 0.12239583333333333
7 0.5634765625 0.6393229166666666 0.29248046875 0.22005208333333334
5 0.74560546875 0.681640625 0.13525390625 0.228515625
13 0.31982421875 0.4127604166666667 0.26953125 0.17122395833333334
10 0.56103515625 0.7610677083333334 0.23974609375 0.17513020833333334
9 0.27734375 0.7174479166666666 0.21826171875 0.1484375
1 0.36181640625 0.5026041666666666 0.1875 0.12434895833333333
3 0.26904296875 0.24674479166666666 0.15771484375 0.23893229166666666
4 0.76708984375 0.4602864583333333 0.1796875 0.21809895833333334
14 0.55322265625 0.1796875 0.3095703125 0.12174479166666667
0 0.34912109375 0.83984375 0.162109375 0.21028645833333334
2 0.66259765625 0.2994791666666667 0.1689453125 0.1328125
6 0.505859375 0.2884114583333333 0.1484375 0.12239583333333333