11 0.275390625 0.3697916666666667 0.31494140625 0.2109375
8 0.83251953125 0.4973958333333333 0.24365234375 0.373046875
12 0.3388671875 0.8665364583333334 0.2822265625 0.140625
5 0.32177734375 0.6653645833333334 0.18017578125 0.158203125
14 0.6044921875 0.3795572916666667 0.10107421875 0.4388020833333333
7 0.501953125 0.4231770833333333 0.111328125 0.4251302083333333
13 0.35498046875 0.234375 0.20556640625 0.349609375
3 0.470703125 0.7708333333333334 0.18896484375 0.150390625
0 0.3291015625 0.5358072916666666 0.17578125 0.140625
10 0.11865234375 0.615234375 0.095703125 0.3307291666666667
9 0.69189453125 0.3697916666666667 0.0849609375 0.3118489583333333
1 0.76513671875 0.3138020833333333 0.11669921875 0.263671875
6 0.85986328125 0.658203125 0.11474609375 0.1953125
2 0.6025390625 0.697265625 0.099609375 0.234375
4 0.68994140625 0.7194010416666666 0.1015625 0.255859375