8 0.7197265625 0.3971354166666667 0.22607421875 0.4557291666666667
12 0.30126953125 0.2552083333333333 0.1953125 0.3997395833333333
11 0.55908203125 0.08268229166666667 0.3310546875 0.16536458333333334
7 0.5693359375 0.8997395833333334 0.345703125 0.20052083333333334
14 0.3330078125 0.513671875 0.35595703125 0.17838541666666666
5 0.69873046875 0.14518229166666666 0.1826171875 0.2565104166666667
13 0.45263671875 0.2688802083333333 0.25732421875 0.3365885416666667
1 0.5390625 0.3053385416666667 0.19482421875 0.2578125
4 0.76904296875 0.615234375 0.12646484375 0.2962239583333333
3 0.30078125 0.919921875 0.2158203125 0.16015625
2 0.26025390625 0.6608072916666666 0.19873046875 0.150390625
10 0.4248046875 0.8059895833333334 0.27880859375 0.16471354166666666
0 0.6123046875 0.7200520833333334 0.19482421875 0.13736979166666666
9 0.484375 0.587890625 0.2353515625 0.17903645833333334
6 0.61279296875 0.3704427083333333 0.14794921875 0.21484375