12 0.2841796875 0.66015625 0.1376953125 0.423828125
8 0.467041015625 0.8473307291666666 0.28759765625 0.3053385416666667
14 0.641357421875 0.1904296875 0.17626953125 0.380859375
7 0.3125 0.3561197916666667 0.30419921875 0.3404947916666667
11 0.4833984375 0.453125 0.2666015625 0.34765625
9 0.50146484375 0.2662760416666667 0.18505859375 0.291015625
5 0.69580078125 0.7610677083333334 0.1728515625 0.232421875
6 0.50390625 0.07063802083333333 0.140625 0.14127604166666666
13 0.57763671875 0.4921875 0.25732421875 0.2962239583333333
2 0.78515625 0.62109375 0.15283203125 0.23893229166666666
4 0.4599609375 0.7180989583333334 0.1982421875 0.23046875
3 0.587646484375 0.8896484375 0.19775390625 0.220703125
0 0.712890625 0.5006510416666666 0.1748046875 0.22395833333333334
10 0.333984375 0.169921875 0.27685546875 0.14322916666666666
1 0.361572265625 0.061848958333333336 0.20654296875 0.12369791666666667