11 0.40234375 0.7945963541666666 0.158203125 0.4108072916666667
8 0.497802734375 0.109375 0.27978515625 0.21875
12 0.77490234375 0.71484375 0.10546875 0.3763020833333333
5 0.6240234375 0.7376302083333334 0.11865234375 0.240234375
14 0.40966796875 0.3606770833333333 0.3291015625 0.134765625
7 0.4423828125 0.4973958333333333 0.31884765625 0.1484375
13 0.30078125 0.693359375 0.26220703125 0.2740885416666667
3 0.703125 0.5390625 0.11279296875 0.251953125
0 0.52685546875 0.7278645833333334 0.10546875 0.234375
10 0.58642578125 0.9723307291666666 0.248046875 0.055338541666666664
9 0.40234375 0.244140625 0.23388671875 0.11328125
1 0.3603515625 0.146484375 0.19775390625 0.15559895833333334
6 0.61865234375 0.048177083333333336 0.146484375 0.09635416666666667
2 0.64794921875 0.36328125 0.17578125 0.1328125
4 0.66455078125 0.24674479166666666 0.19189453125 0.13541666666666666