11 0.1650390625 0.5462239583333334 0.10302734375 0.396484375
8 0.55126953125 0.5319010416666666 0.14208984375 0.39453125
12 0.4423828125 0.41796875 0.091796875 0.3671875
7 0.6044921875 0.4153645833333333 0.1650390625 0.3899739583333333
5 0.63623046875 0.17252604166666666 0.17138671875 0.18033854166666666
13 0.4345703125 0.740234375 0.12841796875 0.359375
10 0.69580078125 0.4186197916666667 0.13134765625 0.3196614583333333
9 0.6630859375 0.796875 0.111328125 0.291015625
1 0.501953125 0.6842447916666666 0.09326171875 0.25
3 0.31005859375 0.8079427083333334 0.17919921875 0.21028645833333334
4 0.47021484375 0.14388020833333334 0.16357421875 0.23958333333333334
14 0.259765625 0.4290364583333333 0.09130859375 0.4127604166666667
0 0.7548828125 0.701171875 0.15771484375 0.21614583333333334
2 0.349609375 0.283203125 0.099609375 0.22526041666666666
6 0.34130859375 0.4921875 0.091796875 0.19791666666666666