11 0.27734375 0.4134114583333333 0.20166015625 0.421875
12 0.48583984375 0.8352864583333334 0.2568359375 0.3274739583333333
8 0.3828125 0.603515625 0.134765625 0.462890625
7 0.694091796875 0.22721354166666666 0.13916015625 0.4544270833333333
14 0.3447265625 0.13606770833333334 0.35498046875 0.173828125
3 0.4375 0.33203125 0.1162109375 0.279296875
0 0.579833984375 0.10872395833333333 0.12158203125 0.21744791666666666
9 0.7138671875 0.6555989583333334 0.251953125 0.17578125
1 0.509765625 0.302734375 0.111328125 0.2864583333333333
4 0.6083984375 0.3411458333333333 0.08837890625 0.2799479166666667
6 0.298828125 0.7877604166666666 0.1083984375 0.22916666666666666
13 0.662841796875 0.9384765625 0.30908203125 0.123046875
10 0.66943359375 0.5442708333333334 0.27197265625 0.177734375
5 0.74169921875 0.802734375 0.2109375 0.13541666666666666
2 0.48876953125 0.5826822916666666 0.13037109375 0.24088541666666666