8 0.732421875 0.19140625 0.27587890625 0.3404947916666667
14 0.8505859375 0.7141927083333334 0.20849609375 0.4205729166666667
10 0.09912109375 0.4049479166666667 0.16455078125 0.3385416666666667
11 0.63330078125 0.5208333333333334 0.31591796875 0.16536458333333334
1 0.78466796875 0.4759114583333333 0.20654296875 0.18229166666666666
5 0.16748046875 0.6920572916666666 0.166015625 0.23828125
7 0.2919921875 0.6080729166666666 0.12109375 0.443359375
0 0.626953125 0.2662760416666667 0.17724609375 0.19856770833333334
2 0.63134765625 0.77734375 0.18408203125 0.16927083333333334
4 0.67333984375 0.6477864583333334 0.2060546875 0.13346354166666666
9 0.49609375 0.7942708333333334 0.111328125 0.3294270833333333
3 0.5908203125 0.4049479166666667 0.1962890625 0.12434895833333333
12 0.3310546875 0.3157552083333333 0.11474609375 0.3515625
6 0.38525390625 0.6901041666666666 0.08935546875 0.21028645833333334
13 0.42724609375 0.4309895833333333 0.08837890625 0.3893229166666667