7 0.2060546875 0.5904947916666666 0.28759765625 0.3359375
11 0.58740234375 0.353515625 0.17919921875 0.412109375
14 0.5732421875 0.8704427083333334 0.31298828125 0.23958333333333334
12 0.794921875 0.6126302083333334 0.126953125 0.3880208333333333
5 0.24462890625 0.4264322916666667 0.17578125 0.224609375
9 0.37939453125 0.15169270833333334 0.23828125 0.13541666666666666
8 0.52734375 0.5143229166666666 0.197265625 0.4134114583333333
13 0.685546875 0.6686197916666666 0.11181640625 0.384765625
3 0.79736328125 0.125 0.2080078125 0.21223958333333334
10 0.37890625 0.3834635416666667 0.10986328125 0.349609375
1 0.47998046875 0.61328125 0.13720703125 0.2643229166666667
2 0.34521484375 0.8385416666666666 0.1796875 0.18815104166666666
4 0.85986328125 0.4459635416666667 0.1337890625 0.2643229166666667
0 0.3828125 0.6614583333333334 0.16845703125 0.21875
6 0.748046875 0.310546875 0.12158203125 0.2109375