8 0.2802734375 0.6028645833333334 0.22607421875 0.4557291666666667
12 0.69873046875 0.7447916666666666 0.1953125 0.3997395833333333
11 0.44091796875 0.9173177083333334 0.3310546875 0.16536458333333334
7 0.4306640625 0.10026041666666667 0.345703125 0.20052083333333334
14 0.6669921875 0.486328125 0.35595703125 0.17838541666666666
5 0.30126953125 0.8548177083333334 0.1826171875 0.2565104166666667
13 0.54736328125 0.7311197916666666 0.25732421875 0.3365885416666667
1 0.4609375 0.6946614583333334 0.19482421875 0.2578125
4 0.23095703125 0.384765625 0.12646484375 0.2962239583333333
3 0.69921875 0.07975260416666667 0.2158203125 0.15950520833333334
2 0.73974609375 0.3391927083333333 0.19873046875 0.150390625
10 0.5751953125 0.19401041666666666 0.27880859375 0.16471354166666666
0 0.3876953125 0.2799479166666667 0.19482421875 0.13736979166666666
9 0.515625 0.412109375 0.2353515625 0.17903645833333334
6 0.38720703125 0.6295572916666666 0.14794921875 0.21484375