11 0.435546875 0.3307291666666667 0.2587890625 0.376953125
8 0.28955078125 0.591796875 0.345703125 0.173828125
10 0.2099609375 0.4485677083333333 0.26953125 0.181640625
2 0.5986328125 0.84375 0.17822265625 0.17643229166666666
12 0.47021484375 0.744140625 0.16552734375 0.4069010416666667
1 0.20703125 0.3072916666666667 0.2138671875 0.17578125
14 0.23828125 0.7408854166666666 0.33544921875 0.21223958333333334
7 0.69970703125 0.5091145833333334 0.1220703125 0.4576822916666667
4 0.81591796875 0.3919270833333333 0.19482421875 0.2506510416666667
3 0.39697265625 0.4420572916666667 0.1826171875 0.2506510416666667
5 0.59716796875 0.6529947916666666 0.1123046875 0.24088541666666666
0 0.51806640625 0.19205729166666666 0.1005859375 0.2565104166666667
6 0.7890625 0.5826822916666666 0.08740234375 0.21223958333333334
9 0.806640625 0.76953125 0.23388671875 0.1953125
13 0.60595703125 0.3138020833333333 0.10205078125 0.4186197916666667