7 0.43212890625 0.14973958333333334 0.251953125 0.2994791666666667
11 0.60986328125 0.6165364583333334 0.30908203125 0.23893229166666666
14 0.22216796875 0.59765625 0.1796875 0.4173177083333333
12 0.41552734375 0.8932291666666666 0.291015625 0.16927083333333334
5 0.55517578125 0.15950520833333334 0.16845703125 0.234375
9 0.76123046875 0.3391927083333333 0.1015625 0.3177083333333333
8 0.4892578125 0.5364583333333334 0.31005859375 0.2630208333333333
13 0.37353515625 0.7473958333333334 0.28857421875 0.14908854166666666
3 0.78125 0.87890625 0.1591796875 0.2421875
10 0.58740234375 0.3385416666666667 0.26220703125 0.146484375
1 0.4150390625 0.4733072916666667 0.1982421875 0.18294270833333334
2 0.24609375 0.2936197916666667 0.14111328125 0.23958333333333334
4 0.54052734375 0.9453125 0.1982421875 0.109375
0 0.37890625 0.34375 0.1640625 0.224609375
6 0.64208984375 0.8307291666666666 0.158203125 0.162109375